4445 7142 11994 12712 14921 17133 17787 22135 25214 32035 39703 42979 51853 56043 59828 62580 72053 79870 87844 78045 85383 88817 88165 91365 95533 100454 96821 97602 99952 100643 104157 110037 113182 120815 128014 130857 130825 138254 138103 139187 148172 142553 143425 152034 160085 156361 165897 171647 176678 181155 180720 179691 178783 188504 190477 187796 188160 196985 197508 200522 202635 209757 216807 223582 225223 227981 222290 225829 226177 234166 236901 246763 241229 249318 254858 264320 262089 264847 268595 274465
5541 5561 6879 14465 19632 19775 19230 24971 32592 39065 44591 47223 49571 54212 64039 64210 71128 74970 78707 77549 79308 85839 81013 87010 90981 92537 88994 95142 98429 100303 108284 116708 120854 122297 128615 127074 125759 130767 134818 139107 141447 141793 143644 150107 152224 155227 158634 166845 166962 171784 173101 174074 178508 184433 187480 185098 186273 190446 191136 200114 207584 207685 211484 220208 219275 229124 221071 224391 231459 241092 239285 246219 239966 246549 248457 258440 258921 263108 272461 281838
15148 12946 7400 13484 14848 23831 26853 26556 33491 42042 41618 48789 53080 56914 59678 61762 64431 69087 78430 77249 72192 81520 80446 81582 87431 85914 88174 93292 99796 101635 110862 111493 120395 114722 121818 120357 124681 133196 138430 130312 135627 143198 145354 149679 151082 149169 155607 159422 168294 169033 173581 169697 175239 182146 179139 180298 186118 195193 199820 198774 208022 206390 210497 217435 215766 220406 220453 224090 224399 231743 238698 239044 239422 248466 257092 264558 263957 272623 278846 288076
22354 16060 15160 14578 20728 25910 33268 33943 37988 38943 39044 40522 48299 55265 62275 68802 67334 65937 69433 69540 69989 78260 72442 75390 81575 82359 88296 96297 102401 108499 106592 110234 110944 113334 113909 114624 117713 124677 128457 128649 134598 141604 142319 145647 146799 146865 154909 157346 159081 159227 164045 169501 175952 177446 176664 181445 188244 188846 190350 196595 203145 204562 205905 208268 212053 217501 222046 231417 229819 234887 239500 243926 243663 248706 256579 264621 272326 272983 282239 283619
25974 23761 15737 24575 28105 33592 34582 35101 41383 45253 40940 43031 48467 50199 59679 60385 60881 60982 67214 74589 69895 72201 72311 79083 82516 85237 93377 99310 106051 100217 102427 109759 115931 118001 121242 118668 120004 121794 124240 131630 140328 146051 145997 152751 148624 148905 149045 153027 157932 162092 164292 169333 171845 173333 175601 176776 184364 192685 198428 203907 204122 209379 214370 213336 215506 218602 220253 228159 228412 237662 243683 252474 251772 255357 258769 259114 263892 269044 273927 281432
27048 29199 24745 27254 32651 38080 37234 38504 39274 48462 45188 45524 49885 58212 67799 61092 70406 66895 65461 67360 67688 70564 74168 74841 83417 89447 95980 94832 97363 98818 104091 110678 109849 111598 114821 115425 125350 128735 127063 135830 142869 146159 149211 150998 156528 152326 156182 162587 166383 164761 173511 175665 173421 178810 182356 185124 188528 192835 195819 199831 206460 207504 210378 216919 220448 219505 220909 230034 233572 242408 245877 248458 248918 257356 258894 264401 264560 267912 270590 277532
31343 30375 30341 28775 31836 41704 44271 45633 48207 54866 51135 50587 53538 62985 70852 63771 64538 65252 65368 73926 67851 71778 80557 74999 80092 82539 88321 92288 94004 94935 102707 110871 106784 116028 118716 123201 126627 135489 133077 135407 142354 144131 147243 151835 154504 154232 160184 160498 165100 173755 179430 184879 177416 182442 190038 191933 193531 195963 198328 205805 201237 210208 210549 219088 219661 224146 227252 228023 231015 236285 241532 250792 251187 258661 259703 266865 269766 269144 273700 278457
31853 33931 35558 30181 35902 40848 43483 51330 52458 60751 59416 56938 58450 58737 61607 64987 68486 70574 69208 73946 77414 73684 79982 78233 87192 84101 90398 99233 101865 95174 101792 103114 105667 107880 112933 118379 122781 129281 134463 143048 149254 149887 154484 145827 151013 158167 164165 168495 173181 182136 179374 182387 180037 181618 182350 191914 192996 194849 200291 200607 201127 202864 206567 211888 216681 219457 220965 222612 231713 234212 241103 245439 252451 255780 258992 260434 270427 273132 276487 284193
41297 37332 41449 39897 37130 44237 43592 47155 49855 56016 61055 61930 60692 67278 68979 67054 68348 71406 70514 70834 79715 79440 87970 78644 87294 92925 95893 104175 105571 97174 98402 106219 107766 114239 116504 122498 126945 128244 134235 134778 142652 144949 144823 144924 147017 150480 159669 166541 172659 173531 174539 176318 179123 188207 186398 188521 194398 194453 197528 199265 208724 207399 213020 215532 215640 221622 225402 227825 229165 236132 246075 251254 246945 255019 256857 263836 272968 278832 271557 276605
44624 41362 48539 46233 47063 49533 46213 50998 52610 57442 59954 62072 62936 67343 69513 67553 75085 81148 75565 78521 79491 86364 86865 83338 88483 89789 91954 97894 100319 106084 101915 103824 110807 111153 117530 121834 131164 135447 140840 138487 141833 142803 143172 152909 152828 154907 164846 168539 176975 179097 176516 180046 181522 185507 193810 191013 196379 204255 206721 206561 207594 212459 221603 218298 216791 224420 229589 233820 229223 236842 244407 247649 246276 252555 255764 260672 269896 269517 270842 279382
49509 42627 44402 48050 51753 50492 52050 55518 58004 58820 68305 63432 66954 67532 76706 70485 80375 79377 75681 77404 78582 87937 91995 84932 86850 95424 99548 105836 101866 108032 109803 104178 111110 115761 116771 124530 131435 132096 139785 144579 151125 146648 152777 161220 153271 161546 166709 173768 180642 185453 184295 181844 183276 188501 195162 192193 200217 205883 205971 215124 209434 212942 214135 218580 219439 222977 229220 233592 236165 239720 240921 243441 244563 249578 255691 263650 265333 262108 270781 273223
53388 46050 49125 54583 52601 58533 59971 63795 62098 64188 71440 72284 76120 69782 72583 76610 84703 85115 79719 87212 85941 95435 92596 94048 91796 94498 100071 102992 111728 109319 107857 106588 110759 113468 120976 127217 134739 132711 135118 143318 147507 152140 157789 163214 155861 161064 165338 166048 173377 182440 183396 190215 186998 191251 196036 193387 198215 202932 207480 208420 209403 211978 216489 219427 221254 223281 225981 227217 228058 233818 235498 241758 244131 247982 249823 254791 255963 261142 268317 271826
51797 47377 50937 53313 58861 61521 69508 67859 66927 73060 81038 75512 77304 76900 82545 85946 89071 94304 86576 88405 95804 96864 99899 101742 94503 102755 102462 104471 108446 113439 110925 116423 114186 113809 122221 124355 128389 136900 141539 144580 153592 155123 162412 157316 157216 165120 174306 172968 178824 180832 187377 195708 190653 195664 196503 201428 207470 209456 211342 217208 209465 216920 220002 224430 229667 227199 228057 235177 234166 237456 242497 245194 245572 250430 254004 255870 264601 268887 272061 272826
52153 55673 59262 54371 55648 60391 64241 66629 72708 79170 81985 81132 85799 82278 82353 86677 90118 97559 87689 87854 89398 90577 93411 93973 100149 102462 109298 113310 111432 120886 116124 123001 116113 119675 128435 124675 126467 134763 142661 148782 156023 161009 165945 160131 165552 166696 171010 174119 176691 182702 184788 193849 200056 198123 201557 211159 214751 212615 213161 213980 212646 218490 223604 233502 234301 229730 232469 238899 238428 245938 247043 249749 252376 253037 262458 256556 265205 271723 271896 275559
62023 55825 57383 59334 64398 65145 70762 72885 81526 84378 87676 90791 94176 92003 87403 92020 92657 95634 89533 97554 97148 98691 98768 96974 105804 106900 107099 116644 119928 118245 118202 118529 125510 119781 125871 132856 135113 141177 148676 154054 153770 160043 163099 164262 171901 170609 177180 182653 186394 187093 192406 192851 194171 194176 196070 202841 210224 215382 212218 221924 219585 226427 232330 241544 237920 233415 234716 243745 246582 247676 257027 252375 261813 257204 263555 261616 261645 262863 264102 268887
61230 61038 65680 68308 68430 72111 76479 74064 80587 85266 94779 92272 95313 97358 96706 101174 94046 102748 96122 103940 103484 102230 104306 100068 106714 113416 113365 116124 120732 122697 118819 127935 133574 126160 126315 131917 136867 138677 147068 148604 148920 157634 158085 163267 169130 174240 179612 184566 186544 189515 194892 197714 196426 198806 201793 203961 204499 206191 207510 215050 214581 221011 227277 232162 232704 238406 235336 235977 239113 246463 247941 251096 253916 263025 268999 262738 266115 262877 271370 270982
62276 65339 71421 68782 73404 79933 78581 79225 84397 91343 99417 101988 101899 107320 106455 101278 96263 97258 101510 105912 111136 108629 107956 101417 109518 112471 113799 123411 128654 121929 119050 124937 127592 126668 130672 135636 139190 144607 150843 155988 153534 153814 156907 166507 168617 176480 179111 184596 187948 187901 189212 196410 203971 200574 205713 205392 204720 204950 207890 208858 214141 220658 222804 224450 225319 234721 241789 244622 246171 247936 257626 255248 256842 266346 269285 270242 271895 265821 272291 278841
66935 66075 71026 78126 75331 81602 87418 87936 87638 94217 101877 105014 107515 111063 111761 105960 106011 106054 102289 104122 108671 114356 106218 102192 106362 108794 112968 116709 124249 129900 121883 125910 126306 127117 129988 131138 140947 143666 152865 161369 154758 154354 156405 159924 167906 175273 177662 177970 181328 187833 189883 194719 199809 207673 206518 207958 207129 211826 211251 217480 219713 225608 226084 224891 232784 240889 242523 245452 245726 249652 257438 261371 265075 274996 271959 272809 267469 266024 270609 274446
72172 66413 73857 81825 83073 85357 86948 91787 89343 89993 97054 99515 108745 118136 117746 108373 107224 106485 110090 109116 111051 113754 112379 109070 114693 111332 117425 117984 123049 128111 124722 125304 126318 134427 133513 132682 134251 142873 150817 153722 159842 155918 157757 163327 170906 172224 174901 180158 184576 190177 197071 202375 203091 204955 210841 214041 212709 218028 220120 219116 227023 230367 235166 230745 233930 241561 248415 251324 251358 254932 256363 258440 268157 275588 276215 281070 277149 270511 275263 278732
69412 67841 76440 77670 85442 89578 95471 100836 93385 98719 104621 106251 115284 117388 118219 113340 113558 113201 114084 110385 119380 120293 115989 116737 121253 117397 118271 118832 123429 125140 131883 130115 133052 138775 139869 138708 143434 145459 151095 152187 159966 163841 166504 170214 177719 182133 176693 179926 184452 187628 189136 197179 197899 203111 209157 214145 213418 218695 226951 222758 224149 229952 231420 232890 236860 243161 250928 253287 259845 264703 265148 265960 266816 268421 277393 276290 273888 271502 272885 278848
71234 72665 78622 84181 94049 93691 93992 103345 99613 101600 104566 111522 120646 126962 124174 114941 120898 114174 120321 110925 115672 124262 125524 120387 127720 124980 123077 122425 125163 133297 137098 138587 135336 144809 143775 145690 148939 151512 159031 158261 165440 170529 168068 169171 176031 181870 178715 187205 185362 192913 196941 197822 204846 204966 214414 218489 214692 218364 221174 221948 229571 233794 236270 238961 246835 248096 250011 259782 266472 268549 265665 266128 273752 272932 273546 279940 277549 278911 274280 282407
79972 76515 86070 87876 92259 94637 94079 100335 106353 109282 114112 115777 121882 122865 120865 119014 127971 123196 122661 116114 118159 118462 128064 128220 129348 129143 129755 125569 133752 140393 146011 144410 140226 147905 144987 154281 154823 154484 157496 160855 168649 175222 169647 173521 180767 185068 186494 194284 188656 198203 199669 201371 203329 211566 215344 213699 216949 220405 226723 223611 224319 232033 238176 245066 248494 254949 259345 267337 267063 273512 275451 267540 276040 273654 279014 279028 277657 281596 278479 281014
87019 80838 82772 87935 92101 92562 96106 98873 105427 105630 111728 113993 123071 124940 125509 125655 134067 125885 116702 116215 123781 124084 126059 131785 132268 134517 137534 131200 134953 138678 141350 144971 144506 145668 150799 151144 159317 164269 159021 159976 165579 167794 170374 175635 178400 181311 187290 187679 191586 194070 195302 201235 204144 207448 208586 210202 215316 224515 229587 231053 231564 238036 242796 249155 257547 262825 261909 271313 270106 279132 273175 270914 275374 280960 281340 279451 278485 281759 280191 283637
89378 85403 90903 93735 96671 94868 103706 103265 112412 105641 109552 116670 126315 129934 127537 131717 132296 126903 125454 118873 126709 125078 132394 137121 139453 137806 139432 140889 137284 143021 144753 143272 145951 148909 156657 151160 153884 159325 165661 169344 174660 173412 171232 176201 176218 178321 184356 192399 199061 196251 196241 196656 198273 206773 215026 212357 220200 228174 236033 232799 237900 241093 243710 252446 256525 258935 265366 266454 274462 272971 275529 272771 281750 284795 283236 280761 285907 282369 288536 291252
98626 90800 96486 96723 100117 99227 105861 112406 112903 114817 116325 123773 125680 134134 128242 128461 126865 124624 122998 121614 125263 130440 139231 144086 140867 140281 144757 144659 138208 141536 142058 142148 146961 156698 161408 151851 154239 155622 159643 161252 170458 175165 176432 183308 184322 182654 192514 197412 197292 203210 204768 198533 202818 210590 216858 212978 217893 227242 233212 232447 242030 239701 243828 244608 252839 252611 258721 257563 265066 267449 269426 274296 281061 282913 290542 281798 285790 286011 287027 291330
96031 90938 95577 102186 101263 104792 104887 112408 121485 117089 117299 121687 124152 126604 127326 132324 130432 126966 123919 124350 132205 130613 132678 136916 137964 137969 144816 154207 146840 150730 148000 146925 154835 161300 164061 159104 156755 157177 159010 162194 171647 177430 183329 188127 192951 187531 189402 197457 196068 203707 200270 206234 205326 212890 218735 218001 220197 225593 228786 231741 232829 236630 242833 244581 248318 249594 249607 253727 261442 269994 269999 272920 273026 280534 280838 282118 289258 288578 296162 296596
101782 95545 103072 110832 101785 109156 109770 112310 118177 123455 122600 123257 123678 123954 127315 127842 134479 131181 126320 131872 137680 139984 137976 138961 143060 143416 151171 153027 153900 159259 152078 148868 150565 152329 157782 164800 157715 159582 159749 161849 167649 168377 178114 180319 186012 186131 194279 193617 191187 198727 198733 206506 211183 218006 216664 222533 228683 225248 231064 240690 240280 242209 250469 247978 253300 256514 251486 253613 256497 261975 266952 275968 279191 285483 283900 287789 293757 288656 293275 298038
111687 102672 112062 113893 108708 112429 118934 122015 122518 123549 123646 128384 131054 130482 130563 132783 133961 137573 129684 134170 139528 148930 147134 147561 144085 144290 146129 147912 148221 157251 151556 149713 158111 153762 160880 160950 165786 162459 163653 170715 174371 172676 172686 174615 180512 184700 185300 187189 190514 192999 199472 203946 210101 211668 216514 220362 222281 224564 227193 231545 239320 240421 242635 252620 252835 261105 261236 256353 264714 269078 272882 281546 288881 293785 293167 288133 290210 290028 291908 301458
117014 111189 118958 116298 116912 113489 117092 124117 122996 131330 125643 129335 136768 139583 137857 140281 143376 138986 133534 137042 143899 153112 153941 151973 151395 145144 150528 148598 153199 154091 160207 152954 155697 157563 161376 169538 172487 166875 170643 177133 177568 179514 179189 174729 183072 188916 193946 195883 190579 191370 197349 200036 202657 204676 212773 214196 217840 227604 232114 234811 238473 244034 245111 253382 260973 265056 260861 259693 261691 271565 275212 281664 283998 285729 288440 292064 299777 294171 299741 308628
119511 113288 115988 116577 121293 121822 118454 123461 125749 128597 130084 137732 143960 147774 142773 150236 148432 142356 139930 144013 147055 147303 151214 153702 152532 147602 154785 154053 153369 160178 162761 156344 157653 164751 161953 169479 170046 167843 176007 176486 185185 187429 179696 181122 185754 187351 194885 194801 191197 194477 200538 209829 211895 213023 213341 222986 219910 225108 231590 236590 242789 244811 246201 253714 255037 258909 265079 263505 265837 268573 268640 271791 277339 280120 289799 297363 302406 302758 301634 306165
122804 116978 122712 118698 128006 128808 126560 130120 127891 129533 136703 139580 145337 151831 150799 156807 156819 152317 145973 153771 156662 153753 159845 162036 159891 152858 161381 156278 160856 162155 171710 164392 163416 165830 166901 171166 172473 176821 184095 185327 194393 195107 185506 190520 194620 196489 199061 200676 198409 197749 204508 210186 216025 216489 218763 220106 228107 228262 231862 232549 233577 238156 240240 249707 254199 261461 268757 269706 273494 275707 270717 272222 279554 286444 295408 293660 301263 306811 307607 306904
120452 118591 123470 120582 127916 128882 128560 136049 130014 133820 135292 138555 143281 152484 151839 155942 158427 152352 146303 155556 159618 158021 159656 164715 154755 154178 157373 165906 161886 165978 170957 170866 169809 168629 173868 179853 180197 184213 194022 187412 190612 197078 194208 190785 198431 205022 205223 206537 202983 204336 204948 207672 208376 211567 219890 229413 231109 228966 234030 236509 241786 240183 242941 251334 253456 258097 265567 263168 267325 274339 271485 271928 277418 284924 286776 288781 297631 299411 302471 306633
124504 125278 128175 127842 134487 135597 132266 137770 138686 136673 136428 144615 151484 155500 152710 154519 155885 157304 155597 160895 166490 160666 165739 165685 157811 159396 164858 173654 169287 169326 171429 171292 178381 172792 181963 183029 181145 188799 198143 190629 192262 197842 201378 193407 193483 196357 197237 199271 209200 205882 207607 213418 212130 218663 226099 235793 241069 236381 236194 237147 239507 243701 245338 246385 248581 255408 255983 256767 259442 268263 273474 279245 283414 290113 287438 290599 292223 293635 297984 302364
129133 127512 133752 135974 142079 138778 138655 138984 138849 138583 138879 147663 150453 151580 158512 155966 164871 159796 161073 161292 162181 163693 171334 168670 163587 163418 163603 166967 172668 171768 174269 175452 184977 177620 184222 185643 188592 192303 196808 198374 200296 204356 200919 196012 201236 203315 204507 206207 209213 214850 208046 210372 215024 218109 221534 231397 236446 241742 244882 237444 245024 252478 253254 253072 257264 262549 256289 265858 261826 263326 266672 271273 278602 285715 285304 283022 289336 293837 298811 301640
137449 131584 133609 140493 143520 140586 144369 146608 146729 147111 143084 151770 158040 154810 155949 163222 169385 166782 164987 170601 163645 173004 175808 172894 165799 170720 166186 175648 180200 178335 175875 179888 188869 183232 190028 190028 193668 194310 200382 202052 208627 205556 204218 204857 206019 211928 208578 207439 213467 214212 212036 212520 216268 216371 225824 226362 233107 242217 241495 240569 241042 247012 255740 260144 266326 259010 257606 262745 271688 269822 272734 274611 275075 276675 279207 280295 288527 296266 304540 305513
134448 132107 139203 147600 151821 147127 154213 146852 151722 149391 150773 154798 158994 160332 163853 169270 171893 176040 167136 176597 170093 178180 182056 174811 174139 177847 174652 180377 187196 181756 181188 180400 189564 193069 199822 198397 197853 195798 203008 203576 204592 209212 213653 207335 213784 217310 209275 214116 217191 221200 217889 220182 220163 225964 227009 231089 237114 242848 249160 243639 241180 249649 256397 262856 262288 266945 266252 265123 265585 273340 275849 284301 283952 280621 281935 289088 288771 295094 303760 308031
140878 134513 143507 143563 144830 148656 158099 153931 159301 154623 157464 158233 164951 166030 167997 175025 170572 169980 167353 168087 174281 182437 183987 174869 176779 184848 178779 182064 182758 184953 184565 184543 189345 192669 200803 205350 205478 199396 202980 207269 211657 212646 214752 214467 219586 225230 218335 221647 220512 220681 218956 222707 220607 226110 232895 239026 243479 247651 247849 249905 249357 250827 257217 258823 261727 269282 276086 273790 267618 269341 274508 276174 284720 288773 282408 286883 293334 301281 303534 306413
140365 137555 145314 145304 147105 149714 157390 162571 160698 156581 164081 166281 166708 169984 177267 176996 175368 170925 168013 173524 177077 178089 183846 179394 182863 190061 187131 187839 190484 193544 192275 194132 192467 196859 203715 207446 202430 201681 205037 212519 221613 219994 217351 223411 220081 223543 221913 222198 225055 227888 226125 229650 221854 226132 233048 241224 244966 253351 250159 251250 258049 253494 258062 259832 268151 271736 276656 276436 272546 276684 279893 285946 292667 293250 284464 293730 296788 299595 300472 303132
146571 145807 151242 151141 151282 154047 154254 162188 166279 166107 172987 167779 175119 172968 178166 182130 177832 179360 176527 182198 180953 178688 184015 180220 182372 186456 188889 197166 200181 198344 195003 197740 196316 200177 203675 213618 203837 205672 212228 221338 227004 228428 222055 228600 226025 225433 223076 227193 234674 234642 230325 238190 228508 230994 235738 241691 248323 249377 249670 259109 264035 255749 256445 265154 266687 268531 274972 274975 274545 280608 289324 292964 300724 293650 290730 297529 297144 300741 304496 309797
150418 152163 159783 158366 153607 156553 159453 159922 165372 172880 175077 177694 183403 180951 184507 184429 181153 177864 177848 185456 185968 182050 190541 187188 189190 187253 187409 189984 190690 200206 200347 203197 205526 205228 211774 213391 213788 213335 220481 230164 227112 228026 226765 227833 234778 229103 224304 226925 230200 236388 235024 236815 238026 239695 241670 245945 251956 259254 252603 256785 262844 258679 263132 269814 276458 269185 278622 278144 283141 282435 287906 296815 296125 293773 295124 298332 305900 306254 311413 311853
155876 160336 162921 161467 158177 161445 162770 164173 173872 180853 176240 178175 183652 187599 194121 190084 188431 178839 186966 187650 193290 190298 198711 190650 197720 189160 195219 196634 198045 200984 205320 210091 209459 209012 212212 214631 223022 218082 220290 222497 224442 227341 228172 233978 240610 232587 229992 234611 232937 236765 238728 245819 243216 249435 250313 254595 257314 258551 254125 255832 259445 268566 270088 272261 272780 270018 271467 280956 283529 283515 287682 291138 297947 296239 295351 302476 305235 311485 317885 319942
159142 166167 172677 163356 159442 168558 170493 173961 180677 183825 178332 186863 190244 196772 198543 194112 191977 185970 190416 192465 196113 196999 194721 193962 202000 193645 197832 201822 206791 208743 208848 211025 214702 217391 216050 221864 226471 227269 227506 224687 231409 230261 234254 241888 241550 236196 238950 241560 240668 237259 246012 253446 244739 249165 252708 259793 255755 262526 263972 256478 261527 262351 270768 276028 275510 275720 273980 283255 287534 286282 294966 292303 302206 299924 295406 305088 314051 317490 319592 326115
161140 169871 165771 164835 164701 171765 173937 170608 178353 185489 182105 185915 186645 194900 197605 196765 201767 192777 192758 192820 202164 199667 198411 195990 205669 201747 198406 202724 209205 217918 214271 219087 217569 227048 223603 225306 229226 234699 231451 232326 235123 233653 236178 241173 243913 239063 246901 250821 241154 246765 255900 254227 253605 250867 254662 254752 255108 256591 260791 258609 265578 268282 268768 275648 279914 276804 279149 284059 290626 294617 296420 297346 299960 301425 298073 302586 309058 316529 322249 323865
170018 169032 167419 165703 166607 169288 169852 170517 176512 178986 186482 189347 196136 203987 206455 202556 194269 193600 193105 199014 201278 202259 206282 203606 212114 203993 199166 201842 206502 211383 218955 220228 226601 227540 227987 226235 233760 242179 237007 241389 235785 242540 243204 249707 243628 240517 242599 250197 246880 253452 260630 261286 253678 253881 258944 255422 260569 262222 264158 268405 274053 276190 273841 275406 280414 282099 283606 284880 289668 291396 291734 292334 300749 309284 307424 310336 315945 321790 323531 323656
173655 175521 177053 175167 175662 171701 177676 180034 184044 182563 189613 195533 202513 211878 205112 195330 195139 196097 201603 201232 203989 207679 210660 204192 207512 209430 200200 201593 211479 213266 220377 216417 224881 232923 233236 228310 236585 240175 244722 250859 244571 249015 251577 251866 251820 242583 245847 250847 247559 247914 250983 255056 254172 256189 261701 259756 269194 271008 272795 278179 275222 277171 280435 281478 284684 291257 291522 290632 296462 300787 298035 298176 301461 303602 307500 315527 319837 328658 330610 324963
182152 182202 181785 182318 182722 176905 185935 187191 184877 187577 196300 198740 208536 209648 200362 195449 200257 203747 210938 202041 205716 208313 213281 208137 212602 208771 200387 204489 205749 208194 210986 215239 223628 232918 226367 228132 229653 236574 245160 249528 246136 251863 259432 253869 256654 252480 251758 259477 252629 249244 256936 262613 262152 262217 267506 268846 277111 274027 276597 277295 284371 282919 282400 291136 289101 294871 294462 298183 298961 299233 303778 299454 305152 312338 310095 316570 321912 328508 329657 331883
190340 190211 191331 188628 188177 179405 189251 193783 191749 191434 192741 200866 207908 205482 203938 197779 198422 203026 210925 208889 206087 214154 213399 211337 217923 210628 209892 211425 206133 208326 210516 210817 219352 224855 226317 233697 234767 239591 248424 250187 251110 259821 268694 260567 259124 255125 258695 261052 253305 252177 255733 263676 265037 265339 274444 274293 274711 276926 281745 280994 290015 292420 282997 287081 287256 288877 288878 289957 296024 301836 306162 309368 311785 317179 314328 321056 330140 330372 335520 333108
200275 199004 199570 190453 197193 187651 196088 197114 200877 201109 198827 205902 206221 206816 209294 201362 205589 207204 208930 214502 206782 215059 221286 217696 218259 212347 212672 216021 207492 209505 214003 218889 220018 230016 227464 236268 244172 245846 247465 249630 257121 257122 266004 266343 258965 255628 261386 260848 256739 253162 256362 263977 272035 270371 271451 277861 281584 282422 283211 283406 293291 293307 287403 290686 296026 293238 295083 299150 297561 307520 306376 313636 321351 316113 314428 319348 326486 336305 339721 334084
203741 202370 192516 191531 198753 196539 201554 202493 204455 205649 205680 214370 209949 213167 211643 204496 211417 216896 209787 213094 211780 213952 219735 221627 224305 214888 214591 208292 208279 210378 219509 228383 220914 229514 229107 237526 244774 247434 250043 258209 257212 263785 269291 268587 260912 261793 265672 262820 266384 256967 258025 259481 268334 274039 281340 285350 282691 282805 286849 286375 289718 289870 295208 295666 305595 298271 296820 306773 304758 313916 310447 311771 312244 321920 318412 328092 330092 338252 342806 339516
203219 202214 197702 195484 197648 199911 204008 205740 213152 208671 215576 217921 213820 217248 210457 207238 211868 218835 217616 219085 217914 215149 216563 225486 225069 216282 222163 213311 216047 215525 223529 232354 225976 235601 237095 238205 242197 250181 260009 264725 263463 271733 266488 266067 262344 266623 272607 270915 268240 259181 264508 266327 269447 271034 277235 283926 291787 292432 293520 290377 293213 299809 302916 303131 309010 305230 303454 306695 308159 310514 319508 314382 320074 324015 320589 322735 327824 334903 335422 341773
210499 210549 201963 198315 204865 203052 213046 215680 216322 210860 214865 221807 223668 222598 218517 213903 219387 223159 225300 219742 227367 224445 219507 226350 231628 224129 223891 222992 219953 221878 227407 230229 229331 233228 240952 242462 249686 258358 262714 266697 265411 272303 273903 270220 268237 270813 271434 272651 272285 268713 272209 269998 270658 272280 275456 279980 289297 296497 299158 297021 300156 305272 306447 305952 307299 311188 306890 308133 311132 311508 312358 316489 319105 320654 324054 328681 328514 337787 342376 349764
214076 204559 204160 200911 208647 205194 206516 207484 214834 212474 212942 216288 219553 226775 221650 215564 220881 223463 231422 224427 226268 223461 220544 226242 227771 228101 232607 225626 223254 225290 233911 230972 237332 237962 238850 246594 254686 258357 267298 264711 270369 277468 273049 270268 270169 274612 276190 277303 279622 270294 278149 274310 276634 279535 281936 283976 286724 288697 298428 297731 298627 308044 313109 311255 310856 311141 314072 317561 312474 320528 319957 317881 326185 322724 331862 335896 330522 340459 341565 348675
212772 205328 211231 201543 203114 209934 215259 211822 212159 215525 216015 217961 226180 225964 225860 222550 221130 226191 234884 232387 231011 224465 229401 232239 237123 232439 235807 230634 225810 231808 238502 235317 239044 245918 238870 242824 251476 255900 265287 263224 271582 273726 278353 275462 278819 282894 277446 278406 279111 276973 278958 277963 279404 281837 286115 284591 287454 289169 289411 293201 295837 302835 305923 307594 309833 310790 316201 320796 318756 321637 329931 320282 321157 328731 331718 336305 333669 340435 350320 351640
211631 208344 211963 208361 212187 216054 217802 212379 215059 217074 224126 221834 223148 227337 227706 226949 228171 233774 236201 235251 232992 229467 231470 232218 234166 235717 229702 227018 226580 234947 236610 243204 246803 240912 239027 246797 251317 256195 260052 261189 264714 267764 274040 279609 286468 282883 281979 286249 281310 282621 286586 287038 288845 285437 292668 286979 292619 298265 290369 293427 294011 299910 308060 308775 318391 311888 320050 326869 326927 323156 324296 327947 329958 331363 332662 341854 334376 344331 344568 351882
213079 211307 218885 211902 214997 216485 222039 215013 221028 221707 226077 224596 224798 226972 227881 235107 231093 239560 240399 239531 242084 238323 240305 237675 236956 244291 239444 232072 236127 239103 244550 251330 256627 248252 247867 253371 254864 256341 259355 266153 271848 268199 277683 287542 285728 282887 283481 287181 283048 284428 289253 287501 293844 295138 301174 296801 302174 306953 298537 296894 297245 303563 305350 310941 311360 317953 325927 334413 336788 329537 331054 328141 331202 335517 335525 340190 338165 340366 341858 346274
213205 220234 224192 217584 223983 223352 222804 221089 224187 222495 225635 229340 225628 234881 233693 238714 238709 247243 241945 249121 243185 247335 250126 245807 244813 244599 240513 239563 239115 240682 243124 247445 249594 255894 253975 253621 259707 259508 259379 268907 276017 270884 272104 281300 282697 288127 285058 286788 288529 285405 291520 287700 294026 296209 299976 302729 307760 306761 299200 305543 306933 304512 310425 319585 313230 318994 328881 333358 337653 330950 335945 333635 338333 337709 344494 347328 342162 349063 342504 343532
221279 221965 226453 218208 222809 231515 222959 229980 224496 225047 233255 237034 228582 231706 235175 239421 242061 243166 246454 255131 253086 251751 258317 255090 250438 250585 243465 248444 246808 241512 246092 254320 259053 264505 258474 254800 259788 260902 259929 262265 268354 275226 272373 279586 281434 282351 289023 289438 287539 286883 293419 290865 295608 300598 301152 307363 314570 312045 308930 310281 308482 309498 314440 323085 316928 326357 327796 329971 336520 334008 340521 335209 342197 346042 347900 352573 347593 354733 349589 349939
229124 226659 228983 226457 223099 229047 228468 230056 230436 229542 235408 238229 233208 235685 238471 246060 246915 245164 250791 254717 261432 258263 266616 257008 257508 252394 247647 250505 248884 246118 252361 256468 265450 273073 267527 259044 264648 261004 262685 262992 268879 271445 279367 279411 285397 282972 284174 284548 291536 291013 294640 297609 305051 305166 302550 311229 311626 315554 318089 310648 311399 315625 320228 323532 325057 325968 328637 330100 339849 334272 338750 344149 343306 350615 350362 350479 352285 357538 349814 352126
233288 230296 229398 227398 232002 229086 231911 237228 231467 233229 238130 246212 238153 240200 245675 254985 256264 254699 260731 254935 256723 265968 260786 258549 263178 258932 253694 256058 258691 254219 254286 263000 263445 271777 273183 265874 270434 266740 269991 265702 268736 270574 278543 284861 292773 285556 286254 291985 298241 293267 300695 298429 299211 309072 310146 313988 315257 323320 322554 317314 311793 316358 324223 328427 334947 331996 334754 334824 343980 338745 343297 343899 343776 349967 354894 355866 353169 354938 351792 354792
237546 237176 231094 230980 236773 234009 234030 235185 240523 242927 244733 247435 243667 250127 255284 261151 262830 259235 264220 259869 264799 273861 267527 264712 267992 260593 256031 261631 261610 263231 262745 264053 269517 270742 280048 274692 276320 273983 277356 274494 274743 279830 285242 292032 296262 292558 294974 299824 299471 294938 295416 303190 300818 303135 308572 313277 321163 325923 328905 322145 314874 317871 320959 328634 334842 335097 341575 341664 341786 348378 348197 345966 352322 354516 356607 363054 358774 363537 358550 360021
245400 242419 240249 234536 243348 241056 236232 236726 242719 247319 249493 244814 244101 252012 259438 266852 268286 259557 260360 267829 272362 277270 273812 271003 264718 263982 265370 265763 270311 270765 268032 267699 268291 271356 278938 277284 285075 280051 285073 276476 280525 281724 284624 290860 294899 299127 298011 303848 303336 295638 303231 305681 308090 309013 311655 318433 325072 328661 330778 325768 317455 324072 326828 335230 341650 338048 340369 345564 342283 344473 350660 347308 348624 353077 360817 364971 361733 361813 360032 368277
248923 241745 239699 235280 243592 246412 243087 245565 243038 246000 250523 244861 250408 259070 259138 263951 262836 262269 270291 269507 272608 280835 280345 275663 270730 264074 269920 270543 276567 277126 272355 277684 269522 271697 278875 280318 290062 286206 293428 284263 286361 291042 292484 300504 303840 305607 307454 309915 301727 295799 302778 305130 310758 316004 312853 320920 326787 333407 332653 328875 320449 323571 326695 333030 336948 345845 343024 352587 342917 344005 345581 354516 355879 353551 361717 369134 371280 364699 365592 369434
249793 242836 239725 242810 249953 246126 244831 250888 246047 247854 255952 250266 252500 257374 266821 266571 271599 262296 269706 270349 270389 273355 279003 283259 276949 268312 271455 274222 281409 277816 282335 284321 277236 281070 284507 287844 294551 290157 298213 288479 288507 292109 297480 303509 306548 310040 309630 304775 300624 299175 307184 312370 317785 320402 315800 324881 328815 337239 339466 330114 321372 324077 328343 331575 333839 340600 340963 343614 346300 351775 352311 360167 363219 363230 363875 364485 368956 369307 366502 372743
251911 247494 240738 249535 250193 254935 249863 258566 253588 248700 252057 253186 262317 259119 269099 274164 270050 265383 266162 269380 275613 278923 283219 281153 278864 276210 276476 283683 287002 286030 291508 283710 279507 287487 287490 293442 302401 298556 293723 290255 291695 301009 299200 305723 308656 309277 317962 310258 309610 305338 308782 318321 322105 319947 319792 322620 324770 330841 330259 329735 326840 332140 329553 332901 341972 345462 341446 350463 350397 356583 362126 360873 365921 364874 364878 374350 378288 370591 368446 370659
258745 249461 245658 247585 254291 258635 257246 262032 260600 250710 255938 254410 257568 264535 273115 282105 278933 270596 266238 274544 276575 281555 287194 290672 286048 281855 284245 286942 295019 295160 288123 286806 289131 291305 289260 289955 292409 293356 299385 293729 301633 304536 304896 309656 316380 317015 319548 316700 315377 312183 317105 321236 324095 327542 322292 327107 328430 337560 338839 336751 335071 336531 337922 336345 340414 344435 342002 348156 348783 351561 353057 357263 363619 372053 373369 377185 382012 373781 374021 371674
258805 255018 247446 254249 259890 265479 259207 264018 269135 260624 265859 255860 264717 265273 269935 278504 279500 272821 274077 282695 276861 279509 284851 287145 289253 286401 284421 293126 296867 301294 296447 294827 296135 296510 296292 296592 301851 298895 304132 298548 304422 310229 313485 316527 325396 317998 319756 320486 316896 318424 317290 325688 324590 327960 331425 330158 332979 342653 346150 346489 338387 345914 340580 339121 348602 350179 342621 346564 349888 356379 357990 357416 367154 371777 372689 376284 384055 381720 375240 376079
258133 255483 251600 257409 257724 265480 263637 265425 266706 262255 268716 263090 269107 271024 270073 270661 275943 275263 283187 291730 283210 282024 283594 289716 293445 290575 287951 289884 294070 298490 301056 300566 300270 299473 302600 297753 306562 307514 305163 302367 309338 317566 317673 318019 318928 326046 322084 327258 325363 326095 326358 327914 332169 334382 338481 338200 336275 338547 341553 343749 345707 347308 344070 342223 342260 343553 345833 350600 354929 363702 363784 361872 368046 375325 379743 379119 386172 385118 376030 382670
259641 256540 258657 261235 263801 264826 266592 266649 267763 268984 273690 267788 274027 278227 279496 272465 276882 281949 283375 290316 291124 283053 288038 297048 299567 296170 289573 291147 294660 296344 303430 306071 303128 299884 309522 301903 302810 311945 304177 303348 305055 310414 319195 326580 318933 328064 326057 333216 326703 333050 333872 335907 339133 342580 340414 339949 337152 341145 345598 351769 355056 355495 346849 350902 345221 347100 349207 352717 353846 357414 359655 362280 371418 377392 385598 386788 390516 386563 384730 387150
264506 266452 266695 269473 264583 267678 274791 267776 272264 276264 272387 270275 273901 276691 283372 273940 280252 288529 288202 290420 295991 290185 296790 298258 304169 296698 290312 299074 302983 304464 308599 315149 312186 303254 312814 309890 311395 318055 309524 312660 306113 310384 311543 316829 322233 329158 334663 342420 334064 335465 334432 335018 339020 341664 342341 340744 337920 342329 345271 348616 349618 350426 351790 357169 353200 352240 357850 360270 363284 364734 364593 364946 369555 372333 380491 383955 382838 386705 386596 393777
264677 268448 273829 278288 269361 270591 273106 269780 272869 280722 273382 272004 276781 279397 284878 275300 280993 284029 285880 293128 294861 292458 300994 304759 306527 297311 299983 306205 310702 310889 309372 310089 312217 303414 304528 312082 318392 314193 314037 316982 314612 314917 314152 318378 327088 333715 334359 344025 340324 340335 340176 342403 345562 347867 350044 346874 346864 347918 347533 354336 355999 357840 358678 362292 360520 361632 366911 367050 363606 372581 371643 370035 370616 372876 376075 377225 379090 384476 394175 400278
268421 276875 280714 278557 270280 272203 276204 276644 280723 281392 275873 278061 285575 289042 282790 281014 290779 293310 293418 300044 296068 292853 295354 304972 309807 306157 309691 309018 312321 312683 317681 314398 307222 305016 306366 306602 311195 313440 322433 318639 314622 322837 321073 323584 327607 333539 340536 348337 340586 347975 343283 350678 350500 355689 352469 350097 350750 350023 356233 363862 358087 366502 366712 369296 366230 363756 370920 370624 370236 380216 375885 372936 380087 374367 376484 381046 380220 389306 393423 400121
271231 273511 275842 276004 274834 276274 284591 277859 280133 289981 282611 279665 286946 291556 282751 282312 290630 298464 302844 308647 302160 300797 296663 305491 305794 308951 313589 313457 321496 314604 319299 315241 307525 306031 307803 312515 312322 314274 316224 325129 318686 328576 321458 330815 335552 338574 345656 350048 344679 351225 348470 354107 352541 361487 354227 357208 357316 351050 352099 357247 364471 371719 367008 371956 365787 365412 373405 373440 373953 378232 379220 374545 377726 374409 380610 383710 383364 383527 393057 397588
278327 279581 276851 280992 278372 282075 288071 280922 282457 285369 290522 286667 291005 293112 285232 289680 293196 295212 302768 304961 303548 304662 304788 309425 309890 317065 314339 316601 318539 321606 322355 313012 308917 310251 311258 318227 321969 315595 324643 322322 320326 326952 323246 323560 333138 339768 342581 349207 349660 359568 355494 358462 355742 359263 358091 356740 353437 352973 352694 362495 364023 372389 375092 376202 366828 374219 382490 375332 383384 386549 388236 383766 386300 384390 389850 389105 385373 389837 392691 401946
287157 282726 279811 289426 286592 288136 287292 283840 288938 294647 292349 290052 296617 299614 292548 295362 293303 300949 305415 305029 305500 314265 313403 309479 316670 314677 321172 319161 319232 327483 317750 313582 318044 319788 313183 321470 325400 319892 328344 331117 326539 333660 325666 327768 328292 334207 342809 351139 352311 360858 359836 360274 362013 365934 367498 364794 354990 359839 353822 355941 360632 370343 377096 382081 376763 381119 376496 376014 380140 381181 381609 387856 390020 390272 397376 391687 389700 397425 396194 398825
289895 289855 280532 287966 288045 294339 290249 287626 293348 299367 301034 294438 297504 306561 299408 295861 298618 301663 306857 312140 308637 317741 311006 310065 313131 313886 318063 326882 326272 326371 321062 317479 321907 325692 317904 325153 331712 327216 328041 335352 330299 336363 331736 337440 333174 333758 335123 344862 354193 355092 353680 361569 356640 357943 359498 366623 363302 360264 362758 359174 366898 368378 368781 376221 378005 379759 381217 377583 378235 382128 386183 391875 399750 395085 404929 399978 398899 404526 399585 407739
295939 292783 289864 291294 296633 293079 292632 288802 292325 295030 303395 300574 302946 311995 304934 304436 307487 310694 314137 312137 311431 320245 316773 314306 320827 313964 320534 321090 326173 326743 325317 320815 330333 322081 319789 323529 326682 336030 337372 341109 333058 338465 340764 345280 342429 334589 335104 337716 347463 349309 351056 355002 355036 359936 362494 370765 365021 369934 365568 365951 367545 373912 375040 383356 381820 381448 388057 387020 382596 382950 392569 394940 395023 401367 408853 408635 407127 414161 406517 411381
304417 297560 296198 295972 303448 298042 298633 291898 297758 296435 301562 307843 310739 309899 305161 313604 310483 319411 313635 312870 312707 320384 322092 315834 325392 317293 317595 326496 327595 335020 327800 321460 330585 330950 325741 323670 331811 333627 343262 341267 337242 340335 340418 342762 345176 343941 343070 338922 340048 341874 342092 350031 352988 355717 356527 365279 370268 373780 369606 374835 375444 383479 375341 380606 386358 388972 391752 387371 385702 391220 397448 401313 395777 398324 402564 404877 410391 410579 407557 417295
306682 305752 297961 297341 305810 305575 296786 291950 293162 299852 305109 314027 317462 311858 305539 309578 311999 320554 321819 322447 314139 321278 329356 321286 330914 324872 321756 329246 332754 331111 322552 321541 322019 327859 326968 325004 331879 340549 349395 339495 338756 347448 340940 350256 352131 345286 349331 341199 343241 351647 346015 350192 351961 353197 359944 366519 371393 377396 376015 383022 376189 384965 384781 388149 396183 391554 398935 395518 392938 396405 403969 402120 395995 403986 408958 405268 412927 418035 412685 417979
308814 314744 306121 303123 307543 303955 300584 297004 293714 299345 306891 311607 312939 318344 313431 317019 316369 322600 326398 324568 322754 322423 331814 322810 324195 326595 331193 331700 339596 332947 325480 329941 325318 329343 334426 329707 336913 343271 344063 345681 339481 343756 345076 352466 355772 349788 354213 346284 351417 350734 346134 349702 349778 359141 366084 368332 377409 387127 382228 388045 382918 387108 387873 394783 394995 394236 402616 396772 402542 399416 408707 407449 405448 413732 411697 411790 415555 419432 413798 419587
314118 311987 306488 305924 305699 305020 302367 300612 301073 307142 310175 310971 314193 314630 320616 323154 324940 325378 332866 329178 323432 328563 329424 330560 324998 334857 341111 334125 337859 335645 334485 334805 335136 336086 332314 329839 339325 343150 346164 340692 339773 344184 351397 359096 362207 358807 354441 347672 348474 349603 347479 355972 359265 367699 373145 377109 385942 386893 384466 389875 387875 395611 391044 398666 400774 400381 402798 402645 408105 405109 414683 416876 407385 414769 416260 418632 420987 419955 417204 425185
